128297
780677
029059
032197
486626
359391
685518
306599
463081
037987
342120
948859
965002
312466
865454
639402
974603
838164
387775
809403
145093
411915
928100
548323
012283
228294
734798
861844
203499
896266
756763
676572
395651
055508
453828
903487
985704
869357
965891
316041
364169
180656
452105
918828
828588
384242
970891
070067
616016
918436
788124
556269
793972
470419
863144
506179
645035
941195
891424
916166
423761
401752
119379
219229
368431
896011
460756
222988
811076
205948
967341
585634
540112
873892
093092
759601
597349
877705
324317
735236
357739
141634
335807
503309
405048
836583
710702
278336
070602
048877
781897
304616
406683
404225
543096
764075
771030
866480
584334
258937
823617
562708
727804
964233
373610
322262
290920
410474
534302
416659
801245
971771
111521
485558
517928
306366
703415
483081
920399
258253
710092
055355
273439
579415
008512
288311
732868
891206
157463
307780
959093
065133
960853
001973
182750
636178
888337
022303
921928
541467
938116
920914
468348
461344
512029
140848
267473
551800
104165
781301
579693
657940
702455
204659
265090
276980
318939
878219
464806
550373
682234
090624
091956
224112
386893
348018
286751
482749
609824
193206
592442
140434
749418
393029
418575
418643
855509
088949
518942
681348
967946
597659
870016
446224
141382
717036
706737
858782
467601
259258
951900
499318
211735
044550
792367
768461
943064
505776
483913
126832
266475
211775
465702
556279
627800
507373
743652
317662
634271
572070
973022
221875
186193
213070
050452
899549
687914
522956
120274
571132
640665
010734
145862
275379
045369
911621
606143
111256
668821
570451
141757
300802
079112
272608
326124
313787
919782
070692
695721
893609
237736
889589
721447
268801
993020
998090
813678
329784
296367
208759
180694
459638
752862
375793
218195
178119
130801
862806
651687
239402
567824
068563
294291
939360
674805
536281
703825
356376
195932
930621
290856
896874
329689
963687
204694
364534
114090
254902
546365
787568
537083
990778
071743
767256
353781
513081
127819
401951
478142
279560
223513
459263
203682
889632
410361
668798
062763
254019
009995
100651
159202
899991
098802
524685
593554
404469
677252
039732
945395
408178
246294
365372
803224
977844
077336
666584
310635
274681
685064
203611
088084
487806
798810
870208
772061
128465
619797
884563
945606
992762
892835
740552
441248
178878
604935
371110
179037
523919
648027
736451
996712
522340
606269
630112
272765
355316
427104
112522
826763
178334
714765
306506
268350
840595
559189
453053
454974
422740
416629
023761
885635
717401
765839
455249
747153
386517
361494
612229
586915
812872
974444
317444
102145
691776
878525
274195
533292
367387
129198
821409
322172
446832
668318
913682
453139
096266
887917
727205
347319
163365
615186
661321
398331
464176
729839
640756
406146
846361
328395
526167
402188
803157
955444
041137
439089
462303
070526
372412
050599
202418
198650
445086
078360
951381
206127
063458
826959
475888
373775
634487
619924
974252
617650
182795
758773
672255
261826
571057
693519
145875
078873
848608
418247
505514
004682
409357
635158
924109
892826
513897
682451
997042
738111
311136
036834
872198
594170
089472
011884
735683
531244
119127
964686
448693
696542
820531
717211
017342
226714
459561
773323
917276
768141
909960
794829
714242
043476
865354
643755
844365
175741
910580
956996
563092
943524
869819
333825
693137
824171
918069
435624
297481
491332
661656
697973
487968
779695
403636
427890
320459
805146
307606
040992
247122
763983
577542
732050
673917
006775
270769
418694
198817
951904
478611
398956
412951
051990
693359
525173
529022
345157
699837
005888
499046
265065
062045
118919
923823
162890
595843
783608
466177
222091
339142
667408
785469
461412
047332
800405
711508
408689
667060
481357
740170
192256
730118
272614
043776
813184
445630
722861
450095
694628
529694
344874
693326
368063
077026
424782
130282
637690
568883
295051
571872
421985
054180
102650
034113
632493
075571
657316
818725
773437
961086
019042
042496
261248
785826
271859
215370
060098
481139
170278
607105
880152
313828
353413
359921
103198
409521
508268
113089
532753
774509
428967
061528
851347
921734
194868
709070
631639
233902
815161
703751
689970
870739
269389
367751
178222
870108
069257
995895
198836
354644
798934
004576
961967
684625
266830
040481
656215
410575
232066
883766
394970
284843
320449
299121
869600
480983
290983
402853
768768
046728
580728
593096
637708
676367
871295
067821
369842
167377
136763
974214
584107
017803
023696
167839
062882
153654
396243
957334
735548
284643
710864
749617
084796
033340
859526
318779
851771
236759
867847
520336
359213
868279
110701
238249
956553
026098
395037
440655
538650
817693
148443
231658
505981
328394
839064
431766
795439
575804
501323
403131
559763
005456
251275
187928
095525
332256
060545
051514
242061
019292
838467
940471
878212
952505
380860
964617
533867
311731
646399
766889
407433
360475
992304
009026
335083
703328
241836
385982
720502
984510
635196
048678
858396
848991
046170
690749
719012
420640
012223
971621
849049
701636
207297
123253
204964
733909
517176
289162
533376
390292
383124
809544
188448
683154
571049
556634
473349
285655
158011
750264
827195
658776
274510
589472
575134
288276
759991
364278
039768
748987
916310
332927
558837
229202
652340
876918
999138
335393
864672
298864
201366
092470
076844
142446
319394
274186
958252
901346
610132
307260
354154
470869
516113
189745
378301
643885
726108
057601
298902
484243
419944
761391
751204
526198
692285
577587
420189
780575
564609
322147
973940
781225
200375
256259
543593
415600
175540
202091
238758
283952
975227
826417
988134
412374
318880
541706
772452
815135
318337
598629
157863
618405
225940
170755
476552
640785
582880
219064
407566
023361
888038
186489
266985
396263
406880
547089
217671
155441
495215
882416
590487
427193
095375
713620
784563
834690
922491
055927
860408
653907
723245
969434
217605
884832
956662
315796
541473
147087
447798
325181
854726
459410
985694
890919
977492
243504
312007
518322
213130
625231
283955
845553
003491
338212
189681
402081
560412
561072
344645
772140
436486
591560
302920
456065
897447
165496
526640
647196
048615
149418
134649
133792
349963
261420
654126
954050
273120
193214
979435
774617
929746
126863
274737
129135
314815
118474
116612
582675
556187
092474
215883
016456
298137
196985
307539
211013
793730
834739
980749
950866
124130
727377
928552
837665
196692
693416
074380
993425
131550
428498
041343
284367
512703
679181
188097
742310
227505
992782
636775
188315
874511
695579
001110
684912
278565
155569
501442
705221
626749
261095
783655
576691
754854
123404
446590
068090
038147
187535
877867
996860
531620
311796
802379
601728
870909
910930
992513
119505
337467
733807
885340
917720
323686
986545
464792
570201
497982
705185
931855
199711
374896
173402
908678
803732
254165
514135
790728
308713
424667
674133
803857
509682
359119
589036
999227
239797
887103
757768
817705
758007
923511
031378
726929
162514
982055
473686
168306
656935
262071
796602
866628
690572
229674
115129
141336
138208
004465
357079
097780
399749
240209
093499
865491
076360
414082
782935
368673
531114
094805
667757
108754
386988
827491
951209
011636
748752
565661
517947
975443
815066
565267
995587
641397
420719
496477
611426
620304
513113
553376
027845
729432
724740
437787
251443
088317
907884
510239
070421
162292
406725
799790
822847
169454
166695
086980
047288
814897
368139
807712
716156
950483
299015
827729
238040
924975
490079
683855
097679
885193
177122
970146
121825
906100
377830
678033
000487
589632
880513
223149
979188
056827
044956
483652
498777
821516
364158
005986
469948
254721
174883
105082
388860
805023
568233
370838
494318
275740
157764
550058
177178
678444
380146
596841
055085
406691
134394
952015
353372
114723
727844
509202
359617
410714
298492
910983
726644
732108
201450
521814
458916
392487
482742
831509
615065
997970
995307
360196
343053
642988
665316
112520
655096
316481
669968
777575
367053
919260
496595
291689
787444
860987
627067
183337
703865
383272
909796
333325
304075
342853
420227
660642
844585
931879
015218
098505
029242
017374
641701
087687
434214
953169
073992
367296
543629
251727
631126
189088
955093
898140
343796
756278
549123
133122
881825
489406
138540
578449
930385
018363
728525
189709
961524
464581
304888
224051
582524
909326
486902
027833
954560
668914
781419
399714
769906
469415
512169
789620
370456
381442
992354
002789
462547
749771
960433
644555
357013
880046
242657
779738
528331
904311
172110
152724
681668
347650
338512
529760
344097
026125
451322
722059
441589
687349
400860
726780
998054
999154
553494
269907
295139
375068
626050
934415
835179
419602
845737
440583
497013
281890
282648
008353
565926
131931
516929
330659
587636
999645
496382
370363
646334
778428
474828
160900
734562
393355
327151
386611
339793
751390
023532
611493
554660
937703
204699
714377
316790
951583
289736
698791
753407
551654
243335
514919
803898
230328
457862
884618
356166
153256
425186
210579
040177
185839
201160
641770
251672
037228
687985
343004
238386
396025
194649
899919
064776
269731
885191
539022
455114
397534
139109
119865
885439
972163
232786
425140
706585
510850
569067
957537
289547
517440
156680
476038
024148
536492
688976
346623
945023
947771
563547
613443
197845
256229
926122
583963
791773
414561
552270
208768
236530
869665
070439
257171
164659
011533
794182
951469
783666
923054
165818
896877
504364
871459
618169
555210
686323
368211
862528
553990
351800
661415
556566
852511
311459
498922
266882
511750
075096
926627
161638
451028
311587
347373
036258
679808
854921
397174
827787
616307
998811
332730
494923
999731
544397
998030
421980
419565
110029
592712
617214
514563
131373
902234
067384
392938
400630
697380
007043
058505
303655
602105
677686
867363
809983
211162
884516
079222
292393
367272
713816
479923
469693
727572
895045
980632
884989
338895
137049
147359
729387
616504
650366
140987
188215
366980
766963
593654
130506
304157
252821
216736
944442
385477
120636
343407
818738
295478
898245
182282
210916
572942
740675
788415
393120
427934
317326
320475
895155
787143
062357
977093
082665
747810
870173
968114
227610
409560
405084
092743
546164
503299
696441
604898
627174
911591
679368
137744
342311
334829
926449
239295
269435
346668
782203
508880
663865
878609
741766
939441
257554
172499
348279
437070
957330
136274
519346
708596
758990
205968
535730
324999
435345
954010
986469
261009
003964
254788
498543
273994
385631
267584
074399
349680
711142
089218
566007
287402
430523
239786
565582
197154
566180
856678
303281
389907
977826
267879
812137
767558
728829
202749
941304
973362
772123
655190
215356
117071
596205
938000
405835
526485
243138
365729
255983
601572
118285
430801
978711
801852
178722
481607
602852
862506
281406
394659
480238
786612
517300
716504
357414
841578
879217
866552
513342
376738
249566
192431
849344
031355
393642
206403
991238
687964
491074
825077
206888
967195
617802
852100
115699
244193
503696
877348
311723
628098
616277
953439
344445
275518
284139
658149
269962
147629
722875
621547
329046
903661
321209
681311
309803
289819
951839
628772
925279
315148
482323
183074
711541
992166
881560
747861
581521
809453
237684
636402
565261
366515
722773
399172
235608
087209
540937
510119
925914
534301
554027
079894
536823
558863
620485
485604
161703
044772
587967
658244
421471
746924
055454
615004
885591
296892
941313
009377
898689
974435
186571
121782
540421
142971
816107
860955
971964
811354
471131
221231
849455
623625
413445
397859
883009
903304
208164
723192
411269
958749
068054
726789
999128
445540
249385
806679
481771
789907
468997
707770
183281
705456
771370
680160
281982
945802
874777
016462
871393
087580
582083
105286
455835
864096
600223
869517
559462
702435
382496
600994
142924
082867
241720
311910
599827
591650
695433
902710
934548
626914
122366
667598
526387
010739
933650
760833
099005
409366
283948
409887
166652
540002
460908
364411
050018
595375
830948
411052
261571
060807
775350
994556
614558
564521
429838
611376
895835
957973
784316
160098
921053
880209
567160
452386
773289
284985
776254
437213
318779
482924
421107
741531
252612
280694
684284
938155
962972
480617
439291
380407
188859
572512
672500
115257
838610
325853
514361
936232
896948
106243
569153
799359
746046
116363
420267
781707
542588
966094
714996
907042
748088
894611
483125
405929
179674
019631
447891
153355
221037
338346
594244
900756
017516
518894
229664
357085
469002
942095
845861
642546
020432
513831
577107
946466
783801
977120
826343
696083
972261
637090
421724
482386
813631
991045
567363
574819
012789
182301
603475
442399
195270
547676
434859
896737
733236
722720
185283
049642
278597
085057
053656
809149
934986
903491
758068
144689
612920
762901
974918
804018
660385
539629
311441
888559
975236
938326
532795
802077
196050
649855
679559
246877
789563
539398
254982
990966
803656
850522
578803
641964
359789
403223
941758
656553
421502
906306
464680
862514
040333
802987
752170
338676
285334
344833
788025
843963
061374
421720
298824
902991
809169
806590
768087
792368
342085
553376
153767
206387
169286
927536
352422
064496
070776
337000
658441
233136
952797
298623
247466
150482
263398
052796
654936
678293
612845
714291
509692
965929
037056
255410
768447
849806
847134
205823
139232
763110
033515
041541
253251
671244
398531
133179
699183
793515
784506
333365
657401
087994
889789
586402
522726
567158
712287
722034
802043
206027
718223
280422
810252
918951
790431
201269
572593
502658
529663
289227
518426
935181
550548
759836
149666
263169
091054
556347
138901
134989
686148
130709
536424
465459
834493
967292
149265
831824
264897
715101
071633
069214
829836
796432
232732
542716
808873
970664
157784
067638
339460
708601
049789
327467
080484
382818
218859
467846
241732
753567
253779
998382
491398
701174
045747
414579
065911
254552
461644
996625
711473
090476
281936
412427
218627
143750
845559
389287
918060
174348
820022
897506
510997
517078
088265
890084
870580
656426
004573
690945
894376
215449
759027
244075
982102
004642
176869
217539
791194
392268
849837
406254
022424
141998
919577
057221
540566
904413
127369
227825
404294
431174
024616
208875
806460
512153
997214
141425
636489
286302
125854
343612
025333
540721
763969
776913
130144
671321
584917
290575
521203
416330
234915
966232
485714
504818
688079
789911
212598
645603
082717
748192
269928
891629
596652
954852
829823
296953
453018
337109
158547
786358
747280
424496
669680
669033
855420
683502
668182
908451
336835
081789
607821
406083
417983
323155
850030
699003
797631
266766
334435
075410
339511
432357
913601
663745
025258
968894
386259
787037
781330
255699
675681
234831
238768
149612
187138
776166
364294
358891
127918
493903
645051
539311
731581
594767
178788
664561
976851
112304
213263
788639
517645
639280
671557
558085
774969
173961
048551
592109
338388
072950
654600
802290
885412
329300
649258
900493
518214
218181
593813
425501
875274
436613
215903
464421
839790
756510
340400
858180
446201
201172
125947
525274
226771
616158
411177
200663
425056
364706
866077
663572
859862
269005
704563
734429
994261
492902
695553
904813
293341
403462
532967
885039
297507
435947
833079
062187
465957
246780
916448
253148
518096
441632
935008
792867
572643
086676
329095
839293
317903
432576
438775
998358
202790
921208
640509
630731
937415
296284
074977
525354
078056
834670
554633
691330
232518
542834
732538
771936
945140
755345
269387
984904
634092
255464
054565
614542
290689
249382
000779
255309
804625
619555
537007
312624
620480
167629
310313
466802
462109
433772
332841
377490
311509
732804
111280
450439
832031
218037
780662
351982
495791
727520
098227
006377
203241
317180
416927
706242
624871
520490
835534
775610
166042
831066
978357
937284
881829
882010
006472
860078
908742
259403
805151
836797
781369
392284
981823
001371
120258
547637
993392
246790
047612
691126
610951
565727
549236
670368
450300
762886
893050
017943
423738
557230
322694
619338
139592
861464
940030
695706
399860
317491
286215
390925
659907
263871
476621
406949
895472
610139
607586
333813
576118
182185
496534
947355
421555
547871
429959
635259
493248
634606
347277
943142
096797
062359
004976
416943
882489
120412
974179
329904
882348
253388
133124
308768
987046
273519
747931
504972
302200
575442
040802
016313
027729
968353
534003
052285
165722
011022
392870
425092
045827
873652
906228
567311
047869
180150
595455
790708
263272
966900
134209
903067
280769
264479
283496
163541
975776
546909
204095
114615
293146
040258
425277
384171
340703
739353
964722
274162
827858
001538
464275
146287
104286
738694
445583
941176
524871
774182
233106
690597
658260
325954
699686
153331
658637
417912
054093
581918
190848
194159
894068
682244
119816
594382
541890
271045
006778
901776
599122
076998
720263
121719
280454
339312
758864
898206
232667
759224
935665
185239
622068
869527
628776
151452
525641
786047
967647
886159
449238
109019
363619
533200
543736
690795
097667
979633
373955
687736
007414
219512
369929
782711
182478
702817
204873
874910
062947
305141
697884
655492
005443
616204
261535
745848
019506
109093
632959
299039
836253
730663
955342
205633
931195
804506
868747
453919
343202
967604
622816
624999
699950
521517
663407
533871
272471
184578
279700
719198
169080
100890
576191
539991
252802
856528
499185
527364
797288
032710
481222
470661
781774
226480
848038
507205
209206
862548
247072
014586
665744
744867
491407
223463
940905
283298
185564
488855
829501
734039
597985
228723
263255
069239
692005
616700
433206
608941
973525
937271
355565
600535
694494
199690
406608
723893
475295
176291
423358
920920
117891
400972
816295
168587
774331
707336
776619
216979
039349
068373
902920
488433
953739
321801
113365
070614
981882
324730
434473
120550
520349
999521
014393
471691
681358
480118
946424
827880
819783
943484
722593
176669
039354
277578
858718
748113
923623
313729
510643
915384
856786
654502
496388
279694
911128
651198
006457
115164
261300
525125
702869
696402
027072
032470
556939
733687
792073
665780
979151
629936
959606
695365
295626
295533
378624
929366
479936
627681
172876
565663
679897
609234
354214
331576
137374
416177
928943
575206
723953
842997
210565
289562
729552
715695
577942
238159
869226
649841
980498
789608
368401
479840
245103
492352
049085
929475
974778
078250
857694
499098
375828
488797
098466
865971
508331
705422
642249
716573
493786
319274
309692
137186
004200
594146
741422
947956
625802
574274
261960
929709
354320
212985
778907
706364
834478
742858
911261
510953
779499
914410
831315
372205
531746
412440
450473
647045
008210
483289
401320
608316
527957
702433
629098
386139
096964
614465
839915
085926
383530
744144
960409
951946
281141
928243
848563
887034
657923
618169
849815
462710
647097
952578
366426
934514
782494
045518
508999
611731
302008
561959
363215
463596
433513
065065
114985
553022
725665
505002
094578
188030
963637
506901
025399
459235
911548
862778
667129
047586
902770
747213
612754
888910
511139
649614
571963
086536
164095
993817
132165
468910
806456
928145
575792
687638
118041
097957
762922
600041
230889
184619
277957
411108
845942
420428
811033
362819
459503
012148
347285
771896
220838
690067
881677
339407
134947
423669
279884
968976
437985
633493
469363
642874
356936
872966
525479
037714
147161
659251
881360
548989
700198
729823
483886
744393
109105
554823
121502
670282
392373
896259
450270
274090
401066
431395
013741
049623
605650
525195
378798
314735
302296
528561
246274
679996
354672
859301
647061
957557
889693
845039
756587
801261
475253
531265
753203
836004
685834
027642
098182
696614
015867
954138
695491
361919
364884
336704
468929
308601
855742
779659
103627
889524
833995
859523
748349
236288
849204
561780
614034
537957
445691
026479
100318
877926
998464
891073
321805
139991
088398
443806
191068
286589
939039
280491
439849
558464
528029
304646
481283
482903
640065
568063
297675
093789
319342
214373
394978
380134
921270
498156
553366
710135
292448
889075
346258
517569
707198
273112
003447
267063
998513
612307
573164
335036
159558
834727
599940
344204
212694
731920
303058
177836
190238
838317
760237
510986
281372
162523
364474
352133
076269
578310
238920
857481
419089
741785
563161
733286
583584
724309
184131
699686
122693
948189
037677
258182
248297
172377
432156
994113
977725
904002
908261
166308
673242
658873
362284
285954
447549
008424
468409
241667
482065
330953
381331
505326
202057
359031
434959
932984
602727
213692
838445
818307
215836
649488
199534
916278
261823
241920
714158
164226
543455
954357
787282
958281
303602
845702
722979
413401
068156
400910
016588
022726
857107
506523
848961
560531
859443
730453
710687
688666
087103
551754
214507
460853
016032
744884
156905
215957
219431
311740
532390
599716
658948
330293
563901
683825
037742
850253
661589
876828
516499
016775
749349
511638
864339
538694
861668
894952
995728
178232
253655
603968
953246
206327
900803
231937
863770
926921
790703
742771
819557
516058
327410
420826
503029
730232
694199
341431
281012
284856
904928
654976
360281
247908
556036
204616
128102
836381
322473
264032
827681
528100
994665
023478
232621
033884
163702
646566
691612
606322
423377
612369
952704
163877
496615
172723
176730
437053
119909
902403
416760
160308
898492
660473
892836
643471
027813
015490
695326
959968
925222
572264
132632
423959
809876
969768
796946
501386
807024
085797
561308
105859
470747
984840
355929
091875
312284
631842
605652
043950
884223
454933
094719
136739
084079
338637
433474
768739
357113
075961
150416
023138
246562
903792
981961
980151
023206
812203
279287
935401
289840
067365
081005
175620
016433
478531
140655
617127
051027
179356
629271
207877
502340
601785
458920
990331
220358
951066
067990
201908
121578
465430
575828
200854
083188
119257
995498
549365
130112
251272
537739
711166
953612
291039
080362
114824
022423
083553
817125
891374
696274
050804
650776
401487
288376
690667
740564
768186
170149
787989
544098
690760
529981
779713
457741
700143
647359
177275
090061
977084
859468
332622
521995
617370
221284
483302
161232
296976
090277
863979
031332
620837
911270
790699
450656
629847
123209
310780
406813
787887
259215
262378
574634
112620
076143
593245
189974
111454
371007
159917
876744
991614
993538
806617
540800
205557
924424
831391
509168
718371
752832
906206
826697
367150
189643
265392
644290
877974
438982
173575
910137
933065
669600
463623
810955
290761
036319
326030
426099
987092
676024
985002
669786
551077
364230
250785
030095
438932
654787
435974
358299
007725
608672
363118
930886
888262
286985
532133
176820
383492
276147
590515
118672
640398
054111
390347
278199
720892
877082
690775
527720
823299
991713
974642
304291
625043
416987
693676
684132
612626
641893
450450
586992
978655
152031
153235
046164
203835
895966
418728
970482
120181
193694
593816
334965
043840
388141
621392
931329
354629
276034
177214
584274
828517
412391
348595
407447
315934
169810
246766
309183
630592
388120
745386
935522
030274
986511
484185
304435
455781
797612
191412
809388
794798
233594
202991
233296
971990
039414
527231
350990
618108
265001
788137
228756
902931
368467
970862
931609
982164
747672
141866
820898
070630
056608
610129
895547
579350
401550
629791
569648
697367
474088
559468
691266
335032
011957
346956
064732
184806
001652
604492
296336
313442
679890
123896
726854
428320
896792
201436
909495
777262
640114
321147
064280
519206
596606
707822
525826
353579
744603
437567
689019
758269
119072
134646
127168
213529
422406
013781
701742
654289
480198
341858
747921
034231
957524
106347
717495
795632
928455
762293
341010
685106
234297
675124
651477
287653
804845
275698
940349
005142
461942
645723
280932
284250
339552
576476
042601
862972
820824
848375
687704
034790
749856
178253
114414
398736
624784
232598
955998
232018
474384
080183
506187
453007
105074
964031
147431
517688
711734
470103
386309
669551
145203
129125
602807
687148
692002
718681
323885
431039
080817
646849
064946
555692
224044
877314
338986
554000
366686
574964
721044
544874
614718
792025
026413
167304
941466
745914
081389
930298
616880
202052
348084
117342
724310
375447
546740
387655
501429
278037
104127
612914
029424
810214
042402
987460
778711
893532
914845
177230
966758
025169
703270
158483
685667
943192
481824
981637
549837
322989
204681
065992
220745
362830
756736
112247
036707
198580
987102
409855
463244
068575
288073
080795
969378
605826
067792
466662
355319
872154
781069
113955
078903
468887
790640
317853
774162
841607
345253
475672
313109
902380
130878
773472
934150
160888
500508
272721
980917
760151
277773
900450
034072
194637
480503
872488
655424
219672
038126
116326
174786
464540
379239
312939
490237
413518
864760
895511
730892
929495
605935
298204
719987
327772
342193
260340
387475
437539
117963
428364
645283
231369
206491
432573
142068
459666
256434
774893
679779
189066
787124
802689
004477
743533
439533
673614
571981
411517
191516
846112
840768
233640
241317
870993
581118
663622
939286
597109
485973
740950
516509
294504
195523
765627
216139
497247
925182
800676
603484
488997
984922
924270
624917
860582
028125
863827
952474
533645
003272
608017
340684
022832
575042
568168
687921
685077
716635
057112
959472
139655
460618
426733
596478
064839
891394
942444
556307
577888
297418
742326
114523
636688
786772
593582
132235
176904
925389
381204
210107
299844
590577
634832
272631
592845
259695
563983
931082
749109
015881
798936
135748
702686
085355
917158
729051
966238
580127
096680
026655
236024
232389
485327
858287
099583
696190
572145
780452
762100
642927
964778
892340
713074
659123
035808
051893
506760
216205
946010
498260
394529
941277
873549
329518
878035
779450
020963
991586
043820
679941
992960
718449
268298
002385
940853
888655
003177
339506
222682
334179
399624
964041
518960
927774
179460
498417
570258
898057
748170
580602
280157
423268
168644
540889
515542
234197
117131
288701
851029
633133
631354
532715
500136
237960
672757
863424
098173
918742
496367
373122
043242
519484
227390
656993
371847
690358
364124
022724
327356
067373
279375
738426
643689
767489
071935
181139
742528
230468
626333
594014
446574
555894
605653
746215
138223
960772
544407
857233
611606
290963
584516
938495
734408
811662
371132
228861
412051
202240
440849
840624
664001
205117
674553
669434
127097
271417
687208
911232
444775
657976
716605
829688
548591
070520
721570
035861
495458
722710
990080
875352
042683
403184
077082
055394
194474
656244
392094
287032
035291
868221
322138
530219
994654
104540
763440
655479
485714
689561
144337
833836
886072
331524
780267
578639
115256
652026
624287
810683
915764
484324
327857
531909
745060
630676
945220
945100
156417
145900
108812
863869
831400
695682
528336
164598
167315
911766
768030
340649
515073
386187
725688
675422
746259
290936
949829
479012
507139
927742
696862
254084
768011
486331
703757
054673
578542
113519
918437
614690
979502
871364
821448
229523
668898
771848
249705
221788
716044
026878
525528
549237
299491
920567
651939
432239
338832
125945
263463
153626
070348
788489
892991
424712
611551
938052
895580
591163
917784
993851
258600
942427
066544
512954
891204
907766
871699
957057
103179
615506
934595
669064
706766
487190
252995
280477
870306
457205
861298
817410
097630
032310
433186
095304
165061
884107
610585
411603
810011
143903
812245
265503
350558
453463
768790
208212
289935
967366
018723
364908
579909
357763
882378
679368
694087
422294
106154
239547
886588
351236
444638
534621
343741
316183
995022
131969
264914
150456
384104
523903
663852
540767
351038
251868
860747
703583
743513
953000
164225
683987
309020
449078
478995
506384
159121
028106
723400
444188
891408
232982
889749
983321
097804
907571
961829
447885
409540
387031
745997
677863
304975
235133
047340
991976
469062
116386
827783
933100
209622
391927
654383
263893
940112
859102
235519
591107
861979
380577
736943
295010
717346
324386
228277
228856
741730
436404
913834
585431
092207
995943
185825
397655
156441
654747
299448
081079
084366
602545
285359
084147
311592
871209
459088
386407
574078
124879
015354
608840
993606
210904
474809
946599
007672
717137
409374
210074
622477
464371
361448
181799
504025
580777
590087
975604
288068
019327
616688
290591
315821
780697
423034
580864
759872
745473
640613
854062
997057
638773
060765
661473
410517
297411
796089
553029
439284
285294
038078
954095
898620
886559
890221
170812
365180
839094
347833
248839
316570
462618
409507
192014
484735
061530
018941
430694
492312
815360
893973
473075
811985
379609
885208
334903
951308
517359
107690
282682
570757
933982
849740
652823
311758
084818
054645
082364
133198
053342
704047
900202
829344
752643
469521
860834
226003
330295
741055
272938
819622
327414
539684
663625
638347
215795
362314
412777
013257
276790
559150
669728
391330
924533
004727
728816
384368
384176
692855
339092
148862
847466
274527
884155
371912
868162
761134
082731
596422
372282
955051
198075
669574
601945
706685
565700
409129
870739
807666
322869
400836
827339
834715
359734
618144
320864
050770
169703
011009
094477
983589
662657
534166
773801
445393
027488
304995
747685
833807
404352
656429
619128
510308
023116
427711
147129
821791
849045
968091
014074
495893
778488
500143
097515
268634
852600
248382
004718
350763
893264
167445
135283
521546
378037
469409
628842
369188
418695
371187
907940
081915
120367
472880
819478
386115
037818
430346
324533
926877
642867
883426
961027
221419
735017
503384
898148
093200
029603
243374
238833
759113
232262
610822
127307
930331
790867
169167
644840
008805
173461
963864
357444
892202
641549
293784
705299
804890
520328
160253
571901
583331
057404
298831
888699
820470
145625
747021
545739
192700
001249
268789
822237
358170
292683
488553
873559
885799
796135
830728
814717
899255
948173
928952
722145
110702
841914
178899
815224
634969
245352
354138
206534
910039
017250
980660
019168
745199
333760
786442
714447
748747
220615
777627
418874
917477
523232
932226
874278
664326
551100
723925
360669
471380
192936
853566
669450
392482
030466
060803
503444
242882
657996
670924
097911
983741
997507
942828
416269
833726
300499
564122
013568
002763
422196
486290
057432
264664
775371
479563
251146
934249
876456
998063
262997
229635
800342
138699
356472
456077
430815
667445
404519
397420
794787
129340
199762
679406
117349
345483
518647
000520
587881
567727
255488
236145
280920
459079
839943
958112
923241
863961
118317
492649
710704
864144
280955
864661
066576
498452
207832
153159
692130
820903
266644
821732
967394
769892
652825
749563
327261
034372
998042
227001
770001
456679
151768
465820
664308
417398
195727
781848
443108
666357
253896
142479
798796
199945
836142
982709
192204
484750
243654
208917
474947
713909
312724
502737
143857
365885
245408
592449
042337
958394
904910
515347
161343
528261
995779
637297
452628
232628
260736
423256
312216
599799
130751
792568
468873
898007
836907
207786
357182
689323
715069
867256
997953
754522
064588
657179
057265
826888
011078
289353
938408
477456
181119
889936
189672
872565
501213
892758
600415
811302
256272
198442
245773
830768
037226
356066
563351
705573
542968
547751
292544
893377
158224
362449
179474
856643
877311
572228
316467
522179
338254
125609
004635
758193
110199
417336
644390
088569
461642
088784
814738
086920
189067
112151
626135
291535
034812
973155
019230
892668
006403
401716
619636
593891
218572
200900
536102
420613
265664
708313
363262
344726
128525
993031
036219
350833
549957
385123
329186
120785
216149
471285
641894
886043
361337
363095
582208
936017
330119
401561
525106
794762
106552
292722
076625
127196
264823
824022
472319
655566
451967
481086
843930
445776
641632
305501
873385
792709
245005
753517
016380
285770
541015
135969
471700
099191
287467
983924
747506
650601
290668
662635
831655
790847
861114
361215
830671
648588
014708
877435
587183
154840
539868
090253
642113
784477
979412
180401
746050
555043
605512
092493
831713
787134
032672
491240
180452
283653
638156
554660
737766
375981
430660
936519
129091
814645
728845
319382
205779
238515
554351
655469
515040
220026
861705
805213
060573
711548
732584
744284
944676
952617
668573
708201
764958
968895
049577
082118
218489
539113
129867
903572
341933
898296
097108
839650
811874
118225
067943
239823
319026
081057
309298
091093
418594
668839
446869
262341
043270
070803
689041
845219
892813
965265
131730
265067
630015
547704
760347
133774
831458
580001
157477
153449
608085
587534
304969
357333
615990
683816
342701
279074
039924
797653
663167
484683
017250
739187
769701
626906
975652
011847
563831
654485
697689
809433
272456
449406
840700
893674
991191
317955
502042
252694
840610
463970
036083
121966
181203
767371
657549
541648
409930
608982
152344
036580
912627
467994
355960
107550
153811
232086
400306
674293
267731
731502
931903
037890
665704
597673
619000
820282
755660
640781
867907
811740
250417
928065
895663
422763
360294
416069
894454
524507
751302
223973
087956
273620
674916
261665
734239
454221
637919
603132
761596
638416
684932
032912
575189
398500
012136
409011
051723
915043
579454
995620
353268
108877
699567
174429
522950
015445
090139
810967
435571
908438
371251
764765
796622
864904
412335
824094
213081
028762
584145
345862
534341
651157
898505
817353
084915
204485
825228
137131
378809
034781
346932
374273
375088
202566
307560
863499
933009
144715
114730
705623
803839
680625
200759
852636
041341
341697
778851
028446
749461
599193
684272
481083
528164
365581
850469
672577
409175
135427
303007
772465
665599
416443
491150
007946
923972
951786
098596
008328
796481
247453
765011
749862
906803
104215
750720
906418
005480
344830
387598
085113
375164
730671
470230
625639
379650
487640
292965
964836
265533
910235
455650
735911
249050
782413
806537
837801
217755
328330
091890
696936
659512
829389
966987
855911
445269
634600
732681
486792
769276
076738
544176
260990
512476
422767
790777
628787
319361
611586
922535
876499
056176
080692
958681
266375
673194
404553
295965
029267
866608
409816
587068
835675
655251
969732
828255
355686
657145
953832
108208
838413
129897
072662
255389
455933
119461
351835
465140
396288
314862
302931
068899
153678
264120
188437
596806
093964
370666
720340
804200
737430
982654
681825
766845
997348
649849
203570
165545
182618
690570
336290
077363
178530
833746
102503
479291
813125
172021
400244
283988
394180
137416
575869
522533
852687
271003
619391
181798
670652
270757
078898
071722
114290
119210
641751
029899
462805
876441
016465
754301
075597
275625
037525
940575
445876
320893
396613
540577
638480
562098
041436
053927
410491
634530
244593
084854
527103
530124
839213
819201
254802
841559
912639
753469
635745
765102
653417
294332
717007
430147
759321
376449
088824
729947
953756
722927
359143
028701
617666
277853
904230
015679
038623
991083
164962
161226
812465
792678
806573
585388
350092
917133
401985
516013
864320
297035
941218
336644
685785
772457
829590
977726
736352
547020
640649
271542
296129
020127
907393
748629
608005
164820
331466
777121
547238
841530
857308
789087
028411
247396
912733
805231
338257
994427
861108
224227
443127
591149
614933
503972
007572
978455
478243
846846
271633
517052
454014
404861
205067
491561
913379
648275
767643
389507
540349
205809
921288
852768
121871
721540
333956
772903
987437
561673
699626
814116
441577
294460
940664
067089
825021
843080
640908
806504
841693
892624
418897
671834
119277
722549
441580
956070
726559
855820
101696
482967
626694
253539
463952
929571
566414
052422
876525
555412
977188
631361
158687
244279
478756
120199
336081
190746
789272
270902
839851
814305
631121
300680
634658
037581
387374
103690
579482
266318
697997
920397
226998
630066
880312
994538
967311
182747
073972
651901
624416
050321
864739
550722
751754
844202
740777
775213
510964
454208
628704
876424
784765
569038
617614
697850
102109
402920
223040
616574
197894
491867
463945
024084
813282
317033
338544
450787
887084
568026
126304
060355
747850
958873
822473
121718
420103
062219
547149
407342
840123
540355
842998
138812
646206
604737
230125
857039
332376
362688
302347
675974
420213
208295
229072
491440
647041
884963
815409
239819
501893
485142
956996
686874
177507
514466
517773
390038
776092
602187
200141
557398
664264
808972
036536
251533
792213
455850
138102
275928
228851
823689
825680
577381
202696
588391
216341
299495
311642
766165
660096
514043
617386
706010
933680
834964
071092
486849
739430
901866
906623
196529
334412
385370
611306
828241
403072
724585
154644
823825
797842
108377
985688
037909
648501
724683
586160
201093
927786
041644
954497
373726
367764
110246
950652
715521
181494
532785
931821
031404
067276
935866
203563
259299
317431
436402
167400
209866
764024
581111
135980
741377
577019
557049
146513
390546
870088
623510
637512
022524
557513
891164
446843
750395
477105
405281
049840
971558
733635
842316
016365
025741
913611
865130
356798
011001
795489
846428
252388
929383
461564
575260
692428
955018
570100
551602
378611
326857
929714
767427
594227
693501
910267
930315
443787
809564
887398
658924
554168
413376
591853
968942
908392
779498
769799
490931
912653
092457
735005
000811
763172
512789
599581
144765
985921
319265
483304
969623
873337
422639
001288
218389
035054
962814
786276
489842
387739
166188
405621
232459
874356
483290
923433
541658
629374
367917
324053
680158
386806
527260
457265
423059
163221
690736
031079
522193
738512
907283
094548
555407
074916
436471
903619
136342
445518
418984
706208
548066
274976
732377
502127
823086
096816
206275
629237
038792
422495
863985
137218
057121
025395
127307
727170
245101
588794
215115
224803
186469
462585
886824
060186
760314
474697
538376
088219
409224
964454
992677
329962
102432
187190
416271
224568
805846
409359
796814
059261
027450
505874
333587
531778
207640
569725
492125
437283
071363
785201
635339
559621
897630
102102
127956
261550
242358
738148
474205
572498
306958
657740
872308
352842
022739
551428
661013
006091
322596
518460
956899
052951
133601
854258
089068
056081
459908
929079
730579
262661
032066
778432
174297
924795
419054
660256
410230
151093
096932
615409
988717
891395
338025
008090
211721
577122
748817
325108
329717
044941
740833
683428
299550
019619
436890
822892
270569
604899
049291
350561
119521
751506
152246
051143
662594
806548
051562
513722
671246
034604
732313
001984
571646
643144
135643
581713
737781
101953
966541
529582
226523
322043
751204
625936
409586
017436
491516
032405
313139
259786
040664
365540
093888
914679
067520
985579
867403
275258
878991
056196
948247
079313
281704
441413
912331
110737
827410
955377
436962
042285
283333
577758
499097
623027
320010
931635
157996
926014
649473
997409
823774
805778
617170
861154
664367
920630
165532
749301
609938
635528
709903
082386
200282
690029
248546
195756
962623
382513
491390
733360
361786
400416
052748
515039
908692
602897
245954
302290
839760
727862
731829
562720
188535
547218
211911
417976
149808
109376
173761
559403
346108
714644
866818
619139
732266
402987
082702
524260
647871
434241
954230
085392
834567
025063
023197
138590
967766
941551
077979
374282
912310
223868
954634
852095
210584
955523
939733
548168
537174
290465
841296
798144
261200
494327
053468
367599
163345
823796
889227
000445
947552
304966
456980
092427
616666
302220
532866
062679
920112
511121
451369
175541
586127
189822
114467
143598
206320
146787
765089
124775
700264
324320
484165
884435
143829
139326
358721
775479
422475
926694
131192
783778
902739
891701
492500
411198
136715
411366
427489
238454
514394
191782
632210
037188
321859
771237
309758
100563
111694
516176
226609
647672
768689
679506
595524
979265
309794
412496
369736
617951
576929
345047
304827
417862
183727
078651
182839
073810
814372
043283
247053
055575
496553
158948
832667
559678
240636
632793
653690
748888
172080
807504
970829
529156
493101
265357
929923
430263
434896
028569
823078
037934
164344
800419
012314
988159
773199
551425
025394
374819
082067
502120
312072
048668
982002
066058
521597
542932
673932
638983
163623
940277
524682
153805
091054
131799
260501
200791
799926
776572
771968
977664
757201
250149
849575
376902
979382
667973
908299
738606
858279
090169
543978
177141
327798
531663
398285
162202
679065
183462
804999
511613
497709
293206
657409
666403
558248
896753
467916
870844
041125
082862
689424
056047
461369
825051
826206
382841
441862
778964
153183
389536
723510
190799
563516
566210
268838
537811
584732
390963
982856
251642
370174
360370
529783
714603
453374
628063
641231
496243
150073
388443
217348
879228
880877
072981
577575
360801
927305
843770
685661
123551
073403
771999
382284
765249
194380
431084
201261
024506
649764
640275
184153
250934
981760
888986
004329
696506
983468
402385
652064
247528
239021
420607
587462
045526
892043
933595
463581
418904
575130
134275
721267
329701
154502
909847
552669
474379
108342
773690
582498
938244
878790
253681
811629
679778
676871
088778
892137
770843
892459
609230
528667
210809
065800
937651
619762
605512
707432
237192
642697
642710
006110
051544
089184
072127
959602
657697
069182
256301
091694
044012
142532
332194
336337
530769
359089
860055
522806
504948
827575
311606
652259
769678
291972
874662
262970
669117
592799
322626
514747
806110
506068
524309
076431
601207
496533
846945
134113
493592
251442
277858
913275
290529
881813
563561
559323
762969
048319
058309
328611
885016
101161
552701
604127
488462
585673
686441
041918
365148
088312
333154
455586
496213
745530
443579
208427
175308
132509
198768
156786
435060
547672
285756
312043
030203
061637
701474
894184
611008
730464
570088
309287
815938
195490
010841
519609
736654
433421
829693
734640
891372
588105
148039
700540
654364
572349
098459
049179
847362
174836
630604
389544
451416
931347
691754
592421
456531
967950
475502
989859
394715
849652
004266
939834
273189
479827
505139
355999
091867
125048
890707
778654
157811
598234
870853
754292
341038
503849
832291
720301
544454
207626
153710
174649
579615
971716
863605
624329
244283
979750
994749
906652
599537
576777
643404
208250
660164
035491
963855
099685
270767
934952
529972
169322
880267
274440
640093
238970
206690
386721
989967
981424
285516
866566
470842
618186
200640
895901
473427
327890
124045
264070
998288
644015
687502
815925
549142
907901
619735
176211
546543
470461
099116
938680
614252
537778
159767
794614
944026
944794
016393
046194
468172
620415
624397
074330
069771
021901
755653
706221
634426
931233
486832
240309
120723
152869
202581
172285
831394
953050
256970
838549
988503
101444
758746
223326
292219
762291
159743
962673
821812
954434
821828
262719
997791
013368
273308
961736
678300
424584
772610
648481
496389
451848
633372
960724
729989
955895
001179
031095
078683
465716
977399
367291
028213
330094
871496
556378
535580
173359
104794
092763
299032
784897
530794
255050
479828
172451
914988
852064
435309
830844
550306
905070
831315
244776
241026
258553
669356
329449
271890
824739
191555
580126
801240
084011
542669
855090
417436
481890
413351
034256
514634
963253
083807
361828
742036
116247
273625
491790
145471
852116
258494
518591
228889
224953
268557
534822
839480
360590
628380
641666
223029
527743
325186
750504
286169
140731
768102
471895
588072
100879
194428
180583
480808
562105
733718
661349
932748
980716
758748
059527
370675
863207
222379
248850
316182
424631
681379
416422
329023
623452
291605
163733
005948
956861
937969
831375
823032
822844
352009
722614
818903
882788
124391
061531
992449
451504
026903
071774
674685
278749
079643
216207
953865
442656
082761
368257
803534
198595
652690
633661
322889
553494
839199
611449
284707
135540
617637
957049
832897
746789
368778
912602
712168
035671
608634
383969
456929
405261
869045
038493
389020
271708
506360
092510
479292
011729
529817
972915
392824
274909
328485
835380
660829
389793
577404
516681
312969
005826
917111
747727
435665
103855
826958
612458
840784
359879
551783
809530
421941
046002
262077
160094
071511
526205
863701
000438
124038
570839
604603
823074
827040
439871
710628
271759
966757
801490
737746
362532
325586
665182
716045
259849
094630
759534
672289
254380
177197
673338
215895
871752
078507
194504
053186
943302
739820
355816
837742
539684
014851
194949
926009
152289
100367
517643
601120
441186
892585
682490
822059
667498
690614
298176
207945
642450
306575
512037
151168
620107
020733
692122
645862
633945
572835
620728
697455
506547
275680
221625
253787
996625
447451
246325
678956
768937
218556
029081
405306
493797
313267
792569
875688
659509
501617
072219
186439
677123
653351
443801
550034
199548
065121
428401
928269
470947
649615
175499
287736
100480
892877
862394
452511
701272
820522
782401
549136
688661
482297
655223
112756
210683
702620
859487
994147
261430
759817
507573
818471
058183
476343
058804
847543
308680
276320
989290
390890
640731
908611
260539
843266
501645
411927
260603
875399
429913
110741
802585
535428
103809
926817
573960
794524
158113
616992
372363
273080
790246
820667
757100
067588
525932
765575
481413
084801
034515
474630
701218
237203
773243
048099
298008
933289
206032
631089
023764
131141
263170
218150
470664
587847
346827
074834
754152
175740
908103
313466
864188
083830
207633
927324
096615
275509
346032
886544
570592
292954
380140
164199
798714
292154
788733
448561
354806
884503
082349
934682
006674
764350
549948
378263
175681
351384
405683
674829
632580
180402
358701
806477
450533
935488
553052
632536
241334
014880
882461
274740
056124
168235
970441
177502
416674
761406
375463
511814
207184
633800
954116
812287
234408
791186
936523
596725
059928
055242
879033
568908
802335
338441
778256
645234
597211
768642
733926
795429
641198
967743
004699
176785
269337
139158
571302
237177
530677
876512
155618
974788
298766
234591
954858
905653
050791
996071
373811
121939
723480
852878
233332
103190
229417
285772
931777
332359
415516
161706
257999
864692
560349
466714
655437
745256
114112
882754
711822
978301
655391
697041
232156
131179
294248
014571
183587
290051
437952
631239
998505
917884
188565
397415
595713
975091
809953
627347
099403
014686
116490
584029
015730
134393
788810
409359
051078
664972
116075
643986
821928
282981
693239
922777
496492
396470
514128
815386
247616
832183
171652
000272
505450
411622
150848
449329
576715
004556
739573
487724
030697
067061
083799
853537
368138
988865
208031
505603
061540
877357
161348
016665
187101
408816
370843
043307
421902
755767
269441
137883
491086
116325
059326
674991
164479
913919
448845
694332
417996
889178
538702
057848
647926
224768
300189
977176
235718
261712
513900
060068
672226
625368
997576
763430
622564
345187
534064
535109
221630
125047
922143
086170
062334
908608
014875
039090
355612
926335
565754
892640
257160
211072
909071
013731
226099
837375
838087
675567
500066
364553
293310
853918
959554
942085
756981
846342
601162
185907
941695
437571
002406
934483
151124
910886
736942
976931
223055
021373
740561
436697
931281
727461
315002
007156
291675
446110
909644
041108
149446
297003
840998
743221
447398
918866
289465
220406
188738
509620
117138
683877
510996
393890
938339
941418
982270
991557
545672
798324
673536
702305
850858
065434
490100
083715
664740
961729
733448
726222
531633
737978
138076
864253
346930
078088
020410
655683
888087
044619
617753
535817
180509
182460
363857
167502
822038
827498
954981
907008
492006
052461
891624
597872
582952
608038
112596
679427
618493
878250
490892
375940
095622
278520
157362
330017
685431
622086
542480
065281
264620
820176
510638
943517
172112
942068
898909
340993
459481
810386
014875
521740
637113
342193
753975
160241
074543
204255
102786
562976
931313
708219
263470
483338
291469
498843
948134
993445
174163
979757
197747
594153
424320
367250
617018
450473
637170
480175
204493
933032
229667
685248
538816
438657
695843
607093
930023
774379
719785
334099
375177
776505
411430
001559
813874
925257
220492
426476
880741
463417
862074
719756
493824
449290
196984
755886
206767
887900
715280
961680
318824
748567
186533
780214
352920
905156
664424
177187
259412
008816
786194
322209
610289
360208
997110
450329
813791
043154
818222
697697
468176
293834
661998
992948
068584
012340
075887
515052
893964
378906
149601
271371
076743
444616
130473
795051
318452
044364
588453
283625
634644
670540
998644
942301
170980
147855
346131
297821
066110
430143
683761
209801
617566
339326
050486
230493
937675
975870
382549
048911
406904
706912
603267
857013
071069
981409
697644
549502
952249
443964
246222
313982
128915
786438
676478
728331
835225
590981
444073
942379
174192
331653
314506
388066
291183
753593
473404
996786
205112
878255
292729
978682
598434
069402
507203
069924
049241
924925
442183
064203
064851
726116
698262
962896
721569
924202
863101
013760
734262
077737
391115
190671
647786
599479
544431
548761
681083
790442
465413
786367
587617
306031
820515
544386
225984
005298
516020
399220
556659
971785
034820
992713
566139
933462
505816
763423
119313
232958
702334
436312
412545
894114
482548
927778
043278
265687
268136
839866
463846
755954
632692
773348
630104
698675
158379
839312
652256
513594
808769
764467
566771
479689
715646
550472
091402
039191
017118
439797
170240
325489
667661
805292
351016
281799
206837
333561
843653
778953
308794
573966
849166
998984
467828
984328
401750
057602
405538
199111
853759
986925
232105
309558
711928
830601
015840
235405
946493
433740
470690
504852
149916
551042
179113
353289
886993
945755
063712
867259
665610
216810
654976
156125
666223
203021
509005
866032
969989
192316
179039
316566
602181
122867
115039
762248
218656
431857
224504
038360
221458
061849
441783
876395
456860
948471
689196
210203
746531
003704
506013
368262
461000
057197
354008
213111
727263
813334
921977
640950
905022
424993
949296
303245
651093
607748
675165
510864
054730
350005
074697
991849
323257
442590
967969
488034
075888
866250
843511
665747
673346
943549
774362
943946
312102
397227
675547
336472
807264
192698
389714
881925
661958
688645
106403
294072
734424
142085
682438
412966
034569
961205
246896
195544
103203
488387
192789
641776
874500
513696
044983
366377
442176
472521
609187
996713
609016
700141
163726
970149
926585
303092
031550
384736
827793
561899
212516
412074
808876
717046
157159
309261
160215
071805
115903
848142
542472
118372
036798
217691
809032
967832
607003
410237
141930
533552
929702
475407
482218
376980
590175
172788
230525
045696
885591
889894
869610
269646
254059
325772
064703
622670
838642
916829
609810
610563
579203
585761
884359
512501
320646
852694
655879
538374
309541
296823
021941
355355
334741
722432
581362
622860
508888
703301
493765
548668
644729
417440
279263
800172
727961
553873
875648
227551
411053
753399
656272
762584
978054
348819
603369
749347
362134
507165
141554
456425
333020
637024
478237
118691
525050
304740
936153
102895
255557
488716
500845
977192
539083
806228
644807
419554
230225
100675
373223
970074
076330
687512
213291
721781
995180
097272
158264
089178
648723
277145
736900
063983
774243
753037
155982
697026
166864
527986
347132
394267
276202
544018
018518
897790
038314
168549
103648
205390
668030
189909
892733
544429
013775
071584
411698
906657
309674
450015
932162
219411
819144
799610
864527
446488
930235
579516
527456
067663
294442
712369
982944
843308
062602
660098
699740
734126
185244
095729
343341
957952
023136
195168
395475
630946
101891
079899
638561
049069
578334
433182
607449
529744
029050
086473
801500
063138
924261
857868
898147
313706
395689
524644
374464
893670
428488
456449
967073
608504
521061
884439
032590
752091
091287
207210
581967
053706
887043
350198
767999
848046
056943
013455
191150
548376
863887
812593
593585
902771
586812
632363
010744
589645
419519
848321
306141
255227
481437
939418
989024
771529
821875
340950
751796
725342
311930
599200
614039
915785
451645
455831
025407
629426
003859
919637
241643
539872
319331
708319
447209
622411
711541
363340
794786
342936
970786
909709
112780
146538
045972
542991
162240
414875
563354
025368
926179
381276
936253
948248
943457
443711
034537
873402
171460
632650
363544
387501
194661
266492
872900
258304
282220
328294
486885
008934
992760
442626
634352
244110
575998
291089
321719
465505
548107
485895
855603
132761
332548
274159
575605
641187
036898
729761
119695
544185
565277
673160
364077
967444
866424
372282
095909
084662
160150
795850
961087
924411
326383
268211
947707
865270
055772
897592
270803
652413
981650
110379
420626
365651
337497
934350
665748
807009
622677
876868
508120
830411
225980
972220
183293
412902
334380
752207
742495
898360
284944
020105
918320
087080
791450
520213
760714
576862
114042
885369
502693
960956
462656
358085
510172
827568
528837
608147
335641
188108
907114
349029
271991
422203
231200
658963
969995
926681
132296
330104
576806
186099
838219
589799
315641
302936
380372
870848
090333
846188
477784
729892
369693
803115
472581
002538
033827
814144
200713
545907
253425
728012
584372
501623
261209
681925
062461
703110
674973
357444
647895
432178
745741
692105
179089
147501
209889
727109
490564
465470
044817
482448
105510
650061
985584
532423
206091
343480
829539
867680
393170
543439
288294
128348
787096
118925
403522
986784
472200
726054
863068
787956
803497
178472
016709
389904
616934
697451
612210
123258
680905
021339
439772
345568
792885
619308
515483
348268
163896
944824
677261
774178
405166
063905
958128
180042
222981
941770
874372
683881
632246
545346
532973
607508
496918
737918
215969
525679
706619
376989
732310
536921
826472
435834
418422
320039
121831
488595
006055
687446
749284
277799
540742
790480
485952
296872
711282
953089
828214
599267
783021
229785
616594
309078
894218
724670
182650
442958
700323
166779
520559
733647
852068
448573
491799
811523
850936
375405
345699
310645
087557
123229
124793
582204
069319
740640
872874
584005
194401
298499
741210
065053
883256
169254
652892
084652
297961
125570
126483
473208
826629
733365
650448
513421
092407
339692
497760
534954
985954
957817
279896
498654
973044
440204
200924
848662
560754
165511
480295
738770
629723
923711
932132
304208
412846
510491
406629
689106
525034
967351
425051
464873
952616
168495
271644
555657
612416
240972
253098
754904
539196
304844
060717
733383
938035
206573
192798
187174
013317
333229
103701
385632
954140
076580
555127
875670
522299
713600
065995
036475
915981
119566
066216
225325
873124
801016
379796
875745
672918
974127
755554
011119
272397
928575
689239
973914
005022
960259
997970
795655
297205
114752
284423
352118
210232
565878
900638
327280
745890
438808
574043
691111
824229
779228
407621
170569
257240
794696
078871
396131
021630
149928
106541
207994
666255
208418
139828
391960
554011
700922
937242
449473
640447
760848
777971
243944
357630
722624
705776
107731
339388
145490
117807
892390
544400
451840
547613
848344
772736
787977
034301
004633
077734
757884
554759
497940
030402
601084
688443
117571
067220
333012
137172
444392
200665
036354
062434
695396
087897
179784
927241
744863
947237
808347
909474
678737
200530
043209
700776
624005
687649
120001
895691
662940
378036
412451
078306
116024
240512
546869
800640
855032
851090
513533
169630
783307
898864
350174
622940
740981
733250
206053
248908
347973
805756
881138
448925
425066
516831
342065
376606
193100
654361
042120
809200
208566
332237
186821
573529
233673
253857
098971
310239
521212
162808
581552
787779
514623
589935
209001
114168
495447
768392
730268
258308
235560
549603
150575
753161
736274
442535
650034
131929
150699
909935
446561
027406
576701
962649
500527
113287
687376
940616
348466
259014
713617
919619
249563
287743
016423
832608
347544
729904
159667
256415
720069
566307
656501
839834
728913
728366
937784
298852
451312
673268
791125
677104
680904
194671
492877
216514
217242
456449
476688
105889
540089
869958
226948
721871
762207
903338
858581
374662
565682
121494
444872
655005
248825
539492
779109
587703
943676
752765
392101
380694
179310
789178
559487
708290
844597
114990
623338
155368
127354
795925
023956
979694
661536
903297
609424
796540
650695
670437
118605
109975
091813
852657
320805
525027
177296
767853
868705
841674
032782
278415
368641
445934
352259
835014
134446
289180
949181
807749
117327
391732
348998
320161
104535
015247
323523
260645
928875
907554
925032
577568
275999
913776
842967
739935
680937
804810
995208
372699
054466
527631
229167
872217
750923
015577
829492
481479
919428
467630
115123
684424
616558
995311
247629
378394
076367
717174
104110
853618
688054
869083
170001
685778
267783
835351
730237
123692
464774
931578
175474
582681
069171
811099
325415
207319
646684
281072
275931
119351
961933
469158
962130
651442
280507
244212
190017
762187
046661
214325
727510
976012
168102
620422
170783
768619
258945
518181
394015
647676
866688
937667
212857
541143
388309
258358
562832
142037
660292
043700
882166
857756
710294
938981
561653
660821
076618
105020
416714
234964
479836
379815
821955
517381
119035
851294
503944
255912
529952
338782
602906
600635
988103
698422
705298
464910
055016
333183
763294
790947
520829
501927
001435
937562
096310
502133
741009
050810
369349
869145
071451
198720
099045
823243
619224
761699
990740
258610
829048
663126
256441
633568
587451
820325
757184
685485
202197
746829
460072
627728
852128
472429
837910
209656
237195
162323
933997
142738
906859
996733
105866
488914
008243
072340
781999
630936
692160
910404
848529
622017
267857
533318
245438
838054
396478
292187
728478
592273
869981
583228
849787
564812
746161
833773
528691
899129
592001
028978
050714
036575
291462
222261
742124
589778
899546
527620
935845
149015
918604
005134
496463
387385
834831
018286
019748
915257
147046
896732
869234
024715
418273
348991
888662
946077
886280
948883
925375
522145
678671
646545
514855
363906
483465
425620
105306
768643
366989
084129
758916
730944
852179
441534
814668
172977
182166
860874
330827
870043
427147
246060
896888
791141
013722
380915
621344
913818
759869
896900
569697
885039
872135
748479
404843
792811
466441
902674
886149
441427
355169
045053
225070
467081
760277
707683
074398
155252
942115
351513
920514
385610
006227
320241
591581
319857
116552
916499
503140
087375
597673
633643
537474
460233
654259
698945
589588
933689
032159
133306
613002
603464
105579
433680
246482
942470
966640
278522
407846
053116
711966
029964
190288
264644
934990
144939
821381
142290
807585
899447
923731
823656
115951
241831
401653
855537
039308
864583
676653
239315
368630
949090
465196
020546
616149
856579
027082
103215
496921
969970
172666
877602
848640
523326
797136
584697
114072
317521
162113
960900
736594
936886
930442
389812
155744
972006
819763
393201
929587
787673
977715
387757
625893
832744
634735
723778
511153
350606
212949
888395
278191
118234
709130
905695
275982
684010
354570
324473
624241
054775
860377
318497
903954
383245
732764
189896
489129
034517
926442
122002
547236
512626
871671
407993
026962
268705
223479
208184
741224
701760
129877
765183
404579
607851
230474
362092
264401
389133
879926
146654
999208
713901
214127
406233
433841
440594
742126
815331
745063
617878
836864
226063
846823
910881
621984
158930
758288
163169
532036
900317
600923
417197
143889
107848
381804
988294
514289
916815
918337
960661
763121
309506
587487
368699
594424
348359
431832
559718
153375
503016
726870
054648
749035
882200
421176
530435
644256
354688
531683
742035
336237
554999
317647
516962
311505
274804
466210
308614
630911
437886
689608
270653
463637
820404
093073
101828
111119
758548
065777
877511
914407
397054
454779
940364
808678
323779
590039
056070
757851
053851
148073
533400
404022
154411
093560
227661
383542
360097
064070
484555
551906
314267
412116
139855
661448
577065
931202
412285
567382
310871
436942
546981
165135
608186
185757
712161
322474
612344
595315
146853
737026
601909
974669
320810
743635
442366
289716
693474
309409
613575
123111
207737
328861
652876
008124
079768
526733
164193
249111
902455
392271
308195
798350
018464
923371
220375
683006
943178
632721
973521
162993
453543
885658
350383
333945
317825
735261
125129
439976
631471
693575
112193
640299
234623
589977
423758
538627
803018
038103
253393
951697
778905
117665
099372
215724
454155
279529
224713
799357
798747
559023
657694
515288
605616
908472
601181
519138
354785
704335
267309
785720
628240
123652
071958
669675
504961
233177
070333
292313
228509
720422
915033
546824
169520
562092
050089
075986
463938
040162
160673
076049
803061
903160
028820
059948
625737
770268
541548
631892
398469
196927
726807
433530
979435
706198
237025
435408
365016
490352
040087
949837
482202
442222
234768
283939
983596
201468
440832
527734
911599
775453
337625
125925
882200
571144
863187
408401
414821
835722
908351
894205
884082
162229
092014
688246
164835
596073
150336
103141
872276
474929
667712
873402
221815
601138
484425
010258
388769
047214
525024
034613
369405
859927
743584
509445
693752
902656
280868
113467
227451
087193
427074
612988
556094
249575
671457
295445
856156
385493
855506
209757
349191
302459
381545
674111
435420
114792
889918
224956
524100
033142
323032
740046
093364
428751
249087
503670
421991
907138
414082
484859
418843
210676
665298
458974
959299
631236
581166
759575
946323
906032
988959
121589
746034
815448
606405
323164
283788
059144
656485
010790
838493
985734
438418
341571
969154
045564
565927
595329
834633
648895
415622
799611
431758
806476
870643
678437
998541
278345
195908
410013
783546
067663
855929
757035
609046
331527
926053
036355
797860
500610
600661
476836
145446
907729
085610
306372
824868
880196
149963
835259
933727
406110
366407
230222
838892
210974
871471
132686
698806
762262
833740
093361
998952
253305
245211
540836
796762
473971
417227
818692
448635
665211
840680
751526
715189
547292
001974
078553
920521
911468
854799
005178
695386
294478
488093
542272
648409
571312
086332
036704
363197
900003
432512
330175
199204
788550
524474
749874
255688
992816
792383
043177
702394
935984
291720
476071
223842
529018
545234
752568
126015
281850
993063
771732
597859
354533
247880
202508
381363
819851
258139
462682
693138
918492
100243
928408
192317
229100
446771
561449
580317
518819
656174
951968
463448
830316
302481
850293
643235
287918
989252
521284
805793
670513
798020
488486
474660
431085
197138
876971
379787
941132
240815
032747
308147
633117
122194
324215
171733
926278
273096
663920
538659
726548
856888
007810
184911
844971
820225
775711
784686
457299
194723
781760
493294
236977
908550
107692
453125
033004
615247
538846
654235
704284
963346
223992
577642
795868
212069
148680
110710
494543
888161
479928
895664
331545
721036
838443
209083
610806
297544
663075
878537
527774
532083
691016
998595
587936
646346
104956
502524
704183
510213
389576
429224
975558
947012
429686
612356
752103
323141
296156
085472
344158
584838
822279
043984
032486
275217
708848
036223
671524
206427
407046
602485
386694
044068
981256
644305
916221
788680
023792
547552
487149
296230
450855
055572
068599
003817
492750
168022
283379
199977
185970
061950
609480
295158
486959
278168
737346
881938
926786
076816
395877
441927
384235
943033
541879
012487
094651
165122
321151
480721
662396
520204
741119
827487
285071
253383
716452
421113
066101
847512
685750
221676
349041
579680
457991
749525
164491
091650
777190
739433
894411
819589
048021
497861
290982
914127
724805
605639
933829
938852
249738
967274
390180
888092
250285
373306
499014
258768
475745
604195
792042
121872
386944
416776
552348
811831
354319
542028
502278
897324
548649
753822
106545
615233
641482
751013
828481
287691
040472
026638
451873
024140
612957
204062
587541
563200
871899
023809
577703
445513
812980
971520
381191
299862
796700
366055
176489
873292
720782
061500
065367
268488
723296
309468
135230
991707
860279
965912
834827
900401
458057
159024
050805
138629
337326
571299
318531
151373
482036
807258
823248
265766
194744
949572
592318
978996
522517
830301
063159
378603
634965
480987
199126
005523
905700
352987
877481
550142
229176
396232
239702
727928
680190
759704
647526
197382
932319
358797
933550
339857
464685
266330
094248
441296
104866
132229
831559
480325
716567
226153
143294
809099
551699
031247
201963
462936
492050
624022
487843
756016
247487
654197
818507
070814
918145
216507
975243
098659
735932
918416
711318
019397
749885
464363
859616
779129
309202
476802
160176
647683
184855
503111
083982
407560
881182
885894
492770
294888
915894
113792
730276
648714
534614
896911
646039
181244
399550
287185
458562
694039
189383
659037
183362
556011
022907
679949
123726
036626
754585
675507
695362
377379
668459
955527
655386
071227
254569
077232
919561
126743
698062
328177
434304
486324
086742
490615
461962
332666
587874
923016
280125
711928
039166
149926
127683
066584
848315
210052
376906
520473
316082
108634
363572
424374
019796
864269
453529
790601
764022
624199
469611
965125
153797
468226
531071
508291
477136
761172
213252
512481
741550
204305
577582
167260
546681
894074
451920
921074
696119
999499
048036
236234
415274
327864
986729
982648
947457
791159
492637
984192
581067
821218
568788
676985
105466
194169
051489
654514
217476
102426
934135
544076
137984
150174
106383
076273
481481
127770
178597
594177
394895
937632
277750
775868
192695
814940
259235
045879
320540
505514
638806
957699
757065
757534
494810
873310
252277
584073
155953
837641
920683
127529
188285
837743
566763
967017
738799
906187
331425
965731
922558
823370
596141
342510
439623
873199
619752
168755
160068
497247
079201
962888
545287
508186
632641
934555
275983
461980
438289
153823
911070
900976
832376
888046
475345
963164
173078
945085
380732
120893
457274
143256
108788
815970
713583
099568
231567
813399
523776
629509
952916
724092
664850
024800
916081
187572
284365
031521
272037
100685
058999
569444
336689
282430
441286
494382
865777
194412
178852
200583
950512
537274
867652
618471
199468
826198
829568
497241
674175
404453
760370
238684
602772
186274
364331
298592
561931
700374
809906
846561
342113
080154
160085
922001
257287
840457
784185
291211
783126
431516
679943
580553
461465
345083
211163
782585
296482
492830
906923
382988
932699
800441
601091
152806
568318
502884
398782
600607
044716
279745
308175
006414
683391
682852
597874
614944
956548
092442
811880
596526
654945
886743
675329
545943
600731
009641
212406
727947
419849
478729
386937
558132
139438
928727
167390
397156
585247
833482
693225
181605
402991
881534
603497
649147
043425
610031
739798
552149
551024
928128
201612
596682
971853
424929
702639
546508
206292
247983
570865
315140
819413
510090
622793
507294
748984
783870
559516
687805
226057
794729
880768
183144
302292
883441
677889
126677
897446
718142
115936
117332
734323
464680
219335
011866
903192
558596
135899
202387
033486
510341
986740
661192
844831
165229
039935
004834
455577
241628
922289
376208
021311
859213
934123
192431
076427
095218
309239
862395
949495
780199
659384
792641
096352
215422
288829
540776
543914
810134
726034
470270
883474
679389
953140
478402
254697
849692
735797
781439
354714
730350
711251
448322
830334
791755
628258
969592
926973
459432
330302
183184
665806
927689
244202
596505
195758
975359
405669
991306
307056
312232
078644
458562
569868
099066
366875
854389
319635
138136
210134
625300
338973
621719
550082
731084
507058
955692
501444
290307
232983
159987
754962
576315
860972
702370
012024
918917
015844
728875
127169
739661
200820
150921
472001
492140
515058
403246
030343
991044
564974
381136
791162
483501
526671
867568
387841
622206
910442
848861
027328
162209
734379
752007
934517
727854
831998
651815
611344
719307
455883
655292
655873
997293
093143
252674
843123
875024
166090
628368
115475
187976
007054
198984
259033
367999
900514
819066
680485
880975
726787
247795
499047
325766
741294
033309
131456
701673
948825
544232
343363
723065
511237
467015
313418
916779
640372
226550
114811
555918
061554
374402
241568
135715
498492
180135
466947
351959
150292
102935
877602
549645
363821
476036
352006
674651
621848
198520
950232
379794
852140
368456
178806
890729
250165
776033
900027
612936
942491
664666
866779
120298
338810
739866
221603
121157
667165
908228
806697
178915
212855
724932
931930
551571
502957
233521
493416
897666
109021
545329
306622
996525
294482
961776
691958
679439
256666
524422
132849
439094
168925
219829
244916
892033
196260
180203
093878
590928
584940
567949
185238
156680
153361
681322
306504
130494
338073
399650
352845
799300
491030
617805
833533
534306
191570
440600
993516
480815
099032
460325
373482
661533
852349
285629
585229
574730
954150
923452
576065
794845
558617
785629
431308
369850
662247
197608
023791
765714
945985
310510
328346
676864
112787
063397
878474
479026
837754
076664
329115
537924
057324
874621
226306
537036
029107
069603
218177
457916
089903
374657
931487
973886
484931
564110
545359
228626
038737
314316
935432
380765
958437
130558
939305
200698
737790
171708
466584
464854
682319
920809
450439
329736
928693
006895
817266
577343
869489
159895
966338
171947
807564
221772
749486
894634
402992
756556
460863
471873
291025
132881
830172
636767
081418
517770
942575
237478
044883
594565
476798
767337
431826
142358
768381
896193
546361
664967
909893
001960
642466
425912
062683
851582
310540
451245
147376
819039
101898
467820
311924
686689
363855
470815
562409
801137
135220
261287
595026
205686
144502
974787
409222
324653
691294
937552
864193
260387
265367
554406
496399
002069
620150
399391
630504
605411
418010
066686
710467
423886
002388
342658
820844
541766
064308
448094
828968
169452
222858
573581
121668
460847
800594
913252
583085
809031
598221
054443
223263
139667
795895
882231
138155
537710
932288
855522
903546
522652
630234
186406
391227
628689
232331
697679
335415
155193
846713
050653
191188
632320
962493
810550
356259
683934
496344
932354
342580
600240
216686
297023
792634
020323
317194
528172
368020
749310
872362
759094
176101
802569
398012
259710
731517
567586
611113
016839
144515
476371
099755
869618
622151
582204
518752
