043036
025111
047049
171108
185308
047031
400364
201014
301640
117022
111570
450159
010174
043003
047391
177088
302288
061066
450209
300019
300316
400437
155022
187057
173007
010404
240051
025112
301427
010005
400146
165125
047063
047116
174034
270163
400437
197022
177080
301415
047058
182049
131052
400562
120987
270400
171124
171092
073019
700011
300714
047805
300331
025129
182034
301175
300501
301406
041506
450233
182014
909035
111098
140006
157008
270171
450053
047521
031004
161071
212012
047537
111601
175007
300288
070959
700021
301536
061013
240022
233030
